#  time (shk)  ZAID    Avg inflight E (keV)
0.00005000     2004    3.4629e+03
0.00010000     2004    3.4185e+03
0.00015000     2004    3.3745e+03
0.00020000     2004    3.3310e+03
0.00025000     2004    3.2879e+03
0.00030000     2004    3.2453e+03
0.00035000     2004    3.2031e+03
0.00040000     2004    3.1613e+03
0.00045000     2004    3.1200e+03
0.00050000     2004    3.0791e+03
0.00055000     2004    3.0387e+03
0.00060000     2004    2.9986e+03
0.00065000     2004    2.9590e+03
0.00070000     2004    2.9197e+03
0.00075000     2004    2.8809e+03
0.00080000     2004    2.8424e+03
0.00085000     2004    2.8044e+03
0.00090000     2004    2.7667e+03
0.00095000     2004    2.7295e+03
0.00100000     2004    2.6926e+03
0.00105000     2004    2.6560e+03
0.00110000     2004    2.6199e+03
0.00115000     2004    2.5841e+03
0.00120000     2004    2.5487e+03
0.00125000     2004    2.5136e+03
0.00130000     2004    2.4789e+03
0.00135000     2004    2.4445e+03
0.00140000     2004    2.4105e+03
0.00145000     2004    2.3768e+03
0.00150000     2004    2.3435e+03
0.00155000     2004    2.3105e+03
0.00160000     2004    2.2778e+03
0.00165000     2004    2.2454e+03
0.00170000     2004    2.2134e+03
0.00175000     2004    2.1816e+03
0.00180000     2004    2.1502e+03
0.00185000     2004    2.1191e+03
0.00190000     2004    2.0883e+03
0.00195000     2004    2.0578e+03
0.00200000     2004    2.0276e+03
0.00205000     2004    1.9977e+03
0.00210000     2004    1.9681e+03
0.00215000     2004    1.9387e+03
0.00220000     2004    1.9097e+03
0.00225000     2004    1.8809e+03
0.00230000     2004    1.8524e+03
0.00235000     2004    1.8241e+03
0.00240000     2004    1.7962e+03
0.00245000     2004    1.7685e+03
0.00250000     2004    1.7410e+03
0.00255000     2004    1.7138e+03
0.00260000     2004    1.6869e+03
0.00265000     2004    1.6602e+03
0.00270000     2004    1.6338e+03
0.00275000     2004    1.6076e+03
0.00280000     2004    1.5816e+03
0.00285000     2004    1.5559e+03
0.00290000     2004    1.5304e+03
0.00295000     2004    1.5051e+03
0.00300000     2004    1.4801e+03
0.00305000     2004    1.4553e+03
0.00310000     2004    1.4307e+03
0.00315000     2004    1.4063e+03
0.00320000     2004    1.3821e+03
0.00325000     2004    1.3582e+03
0.00330000     2004    1.3344e+03
0.00335000     2004    1.3109e+03
0.00340000     2004    1.2875e+03
0.00345000     2004    1.2644e+03
0.00350000     2004    1.2414e+03
0.00355000     2004    1.2186e+03
0.00360000     2004    1.1960e+03
0.00365000     2004    1.1736e+03
0.00370000     2004    1.1514e+03
0.00375000     2004    1.1293e+03
0.00380000     2004    1.1075e+03
0.00385000     2004    1.0857e+03
0.00390000     2004    1.0643e+03
0.00395000     2004    1.0430e+03
0.00400000     2004    1.0219e+03
0.00405000     2004    1.0009e+03
0.00410000     2004    9.8012e+02
0.00415000     2004    9.5945e+02
0.00420000     2004    9.3892e+02
0.00425000     2004    9.1853e+02
0.00430000     2004    8.9827e+02
0.00435000     2004    8.7813e+02
0.00440000     2004    8.5812e+02
0.00445000     2004    8.3822e+02
0.00450000     2004    8.1844e+02
0.00455000     2004    7.9878e+02
0.00460000     2004    7.7921e+02
0.00465000     2004    7.5975e+02
0.00470000     2004    7.4039e+02
0.00475000     2004    7.2111e+02
0.00480000     2004    7.0193e+02
0.00485000     2004    6.8282e+02
0.00490000     2004    6.6379e+02
0.00495000     2004    6.4483e+02
0.00500000     2004    6.2594e+02
