#  time (shk)   ZAID     Avg inflight E (keV)
0.00005000      2004     3.4631e+03
0.00010000      2004     3.4191e+03
0.00015000      2004     3.3755e+03
0.00020000      2004     3.3323e+03
0.00025000      2004     3.2897e+03
0.00030000      2004     3.2474e+03
0.00035000      2004     3.2056e+03
0.00040000      2004     3.1643e+03
0.00045000      2004     3.1233e+03
0.00050000      2004     3.0828e+03
0.00055000      2004     3.0428e+03
0.00060000      2004     3.0031e+03
0.00065000      2004     2.9638e+03
0.00070000      2004     2.9250e+03
0.00075000      2004     2.8865e+03
0.00080000      2004     2.8485e+03
0.00085000      2004     2.8108e+03
0.00090000      2004     2.7735e+03
0.00095000      2004     2.7366e+03
0.00100000      2004     2.7001e+03
0.00105000      2004     2.6639e+03
0.00110000      2004     2.6282e+03
0.00115000      2004     2.5927e+03
0.00120000      2004     2.5577e+03
0.00125000      2004     2.5230e+03
0.00130000      2004     2.4886e+03
0.00135000      2004     2.4546e+03
0.00140000      2004     2.4210e+03
0.00145000      2004     2.3877e+03
0.00150000      2004     2.3547e+03
0.00155000      2004     2.3221e+03
0.00160000      2004     2.2897e+03
0.00165000      2004     2.2577e+03
0.00170000      2004     2.2261e+03
0.00175000      2004     2.1947e+03
0.00180000      2004     2.1636e+03
0.00185000      2004     2.1329e+03
0.00190000      2004     2.1025e+03
0.00195000      2004     2.0723e+03
0.00200000      2004     2.0425e+03
0.00205000      2004     2.0129e+03
0.00210000      2004     1.9837e+03
0.00215000      2004     1.9547e+03
0.00220000      2004     1.9260e+03
0.00225000      2004     1.8976e+03
0.00230000      2004     1.8694e+03
0.00235000      2004     1.8416e+03
0.00240000      2004     1.8140e+03
0.00245000      2004     1.7866e+03
0.00250000      2004     1.7595e+03
0.00255000      2004     1.7327e+03
0.00260000      2004     1.7061e+03
0.00265000      2004     1.6798e+03
0.00270000      2004     1.6538e+03
0.00275000      2004     1.6279e+03
0.00280000      2004     1.6023e+03
0.00285000      2004     1.5770e+03
0.00290000      2004     1.5519e+03
0.00295000      2004     1.5270e+03
0.00300000      2004     1.5023e+03
0.00305000      2004     1.4779e+03
0.00310000      2004     1.4537e+03
0.00315000      2004     1.4297e+03
0.00320000      2004     1.4059e+03
0.00325000      2004     1.3824e+03
0.00330000      2004     1.3590e+03
0.00335000      2004     1.3358e+03
0.00340000      2004     1.3129e+03
0.00345000      2004     1.2901e+03
0.00350000      2004     1.2676e+03
0.00355000      2004     1.2452e+03
0.00360000      2004     1.2230e+03
0.00365000      2004     1.2010e+03
0.00370000      2004     1.1792e+03
0.00375000      2004     1.1576e+03
0.00380000      2004     1.1361e+03
0.00385000      2004     1.1148e+03
0.00390000      2004     1.0937e+03
0.00395000      2004     1.0728e+03
0.00400000      2004     1.0520e+03
0.00405000      2004     1.0314e+03
0.00410000      2004     1.0110e+03
0.00415000      2004     9.9077e+02
0.00420000      2004     9.7073e+02
0.00425000      2004     9.5082e+02
0.00430000      2004     9.3106e+02
0.00435000      2004     9.1143e+02
0.00440000      2004     8.9193e+02
0.00445000      2004     8.7257e+02
0.00450000      2004     8.5332e+02
0.00455000      2004     8.3420e+02
0.00460000      2004     8.1519e+02
0.00465000      2004     7.9630e+02
0.00470000      2004     7.7752e+02
0.00475000      2004     7.5884e+02
0.00480000      2004     7.4026e+02
0.00485000      2004     7.2178e+02
0.00490000      2004     7.0339e+02
0.00495000      2004     6.8508e+02
0.00500000      2004     6.6686e+02
